148 and 649, as well as 2457461.
3915678214 and 912467890
and 12345678910 and 12345678910 again.
01987654321 and 1234567890
0987654321 0987654321
1234567890 1234567890 1234567890
1234567890 1234567890 1234567890
741258963
369258 147 852 369 741 852 369 852 369 456 123 456 789
123456789 321654987 321 654 987 789 456 123
159753 1535 126549 758451561236958
589988449977556633221144
1234567899512456 75615492348 456321 95487123
784125729291076371 098316327564 490276848724
168 245 987 158 258 916 175 5175 554422336677
00 11 22 33 44 55 66 77 88 99 00
147 258 369 741 852 963 24 25 26 27
12345678910 21314151617181910
111 112 113 114 115 116 117 118 119 120
222 223 224 225 226 227 228 229 230
333 334 335 336 337 338 339 340 341